# 5*10^5 walks where the landscape is generated along the way (and reset for each walk) with L = 5 and K = 1.
# the time and the length are equal because we normalise the transition probabilities towards the neighbours so that we discard the self-transitions.
#  (0) <mean l> (Moran) (1) <mean h> (Moran) (2) <mean t> (Moran)  (3) <mean l> (Wright-Fisher) (4) <mean h> (Wright-Fisher) (5) <mean t> (Wright-Fisher) (6) N
22.908991999999998 3.4315651606901305 22.908991999999998 22.899279999999997 3.432690917037692 22.899279999999997 1.0
18.003999999999998 3.4418179078776854 18.003999999999998 14.817511999999999 3.445473243455615 14.817511999999999 2.0
14.56522 3.446430400134161 14.56522 10.684976 3.45626197790532 10.684976 3.0
12.116684000000001 3.452568235265949 12.116684000000001 8.326804 3.4649207811090634 8.326804 4.0
10.388880000000002 3.458357969529055 10.388880000000002 6.837656 3.4693550017436037 6.837656 5.0
7.24212 3.4669827608682517 7.24212 4.610253999999999 3.4775190332902826 4.610253999999999 8.0
6.098578000000001 3.472518606012234 6.098578000000001 3.929336 3.4779351188899192 3.929336 10.0
4.491602 3.4768212210724068 4.491602 3.1272020000000005 3.4780025250971454 3.1272020000000005 15.0
3.7324100000000002 3.478681158863896 3.7324100000000002 2.7995539999999997 3.478500452990616 2.7995539999999997 20.0
3.047832 3.477654845364036 3.047832 2.526238 3.4767401851919706 2.526238 30.0
2.7606519999999994 3.4770431921173452 2.7606519999999994 2.4280660000000003 3.4762813010332723 2.4280660000000003 40.0
2.60752 3.477699826239795 2.60752 2.378602 3.475969828209423 2.378602 50.0
2.515266 3.4767646166001804 2.515266 2.349236 3.4751979726257316 2.349236 60.0
2.421794 3.4756149456305545 2.421794 2.3166919999999998 3.474595350723883 2.3166919999999998 80.0
2.369744 3.4768706556936158 2.369744 2.303984 3.4750736908428594 2.303984 100.0
2.33512 3.4763234860468217 2.33512 2.293994 3.4748164243765975 2.293994 125.0
2.3165540000000004 3.476182104262526 2.3165540000000004 2.286492 3.4749615245548178 2.286492 150.0
2.306368 3.476698533356666 2.306368 2.2810759999999997 3.475718319543607 2.2810759999999997 175.0
2.29434 3.4750764136506915 2.29434 2.27898 3.475304740340772 2.27898 200.0
2.280048 3.4748812794299164 2.280048 2.2742320000000005 3.4750005813439544 2.2742320000000005 300.0
2.27456 3.4744411688621697 2.27456 2.272132 3.4748471724317525 2.272132 400.0
2.271042 3.4759500295872194 2.271042 2.27049 3.4751476172682367 2.27049 600.0
2.267798 3.4754154947392792 2.267798 2.270796 3.4768386491692085 2.270796 1000.0
2.2657339999999997 3.4758411167807224 2.2657339999999997 2.26836 3.474683624474789 2.26836 2000.0
2.2654179999999995 3.474969022355632 2.2654179999999995 2.2711180000000004 3.475012977230827 2.2711180000000004 3000.0
2.26771 3.4755546448123034 2.26771 2.2693579999999995 3.4729928821587466 2.2693579999999995 5500.0
2.265478 3.474488465784822 2.265478 2.2696199999999997 3.475239294525765 2.2696199999999997 10000.0