# 5*10^5 walks where the landscape is generated along the way (and reset for each walk) with L = 14 and K = 1.
# the time and the length are equal because we normalise the transition probabilities towards the neighbours so that we discard the self-transitions.
#  (0) <mean l> (Moran) (1) <mean h> (Moran) (2) <mean t> (Moran)  (3) <mean l> (Wright-Fisher) (4) <mean h> (Wright-Fisher) (5) <mean t> (Wright-Fisher) (6) N
5210.029136 9.599783151993107 5210.029136 5244.136845999999 9.600124314236083 5244.136845999999 1.0
3881.3331179999996 9.610490329395162 3881.3331179999996 2932.873432 9.622523596668325 2932.873432 2.0
2932.0106220000002 9.622815126252767 2932.0106220000002 1764.855484 9.645136340354911 1764.855484 3.0
2245.8676679999994 9.635881933006155 2245.8676679999994 1124.194574 9.665989270558082 1124.194574 4.0
1751.1781939999998 9.64486685114084 1751.1781939999998 755.847754 9.684922746641504 755.847754 5.0
907.901962 9.677400900571236 907.901962 289.56607800000006 9.734998622190975 289.56607800000006 8.0
618.566848 9.692160196679385 618.566848 177.52677799999998 9.761388248551004 177.52677799999998 10.0
283.86831399999994 9.738014284875863 283.86831399999994 73.51285399999999 9.800272178902993 73.51285399999999 15.0
155.63914 9.768888012609438 155.63914 41.688475999999994 9.817046499874895 41.688475999999994 20.0
67.08220200000001 9.805435638161477 67.08220200000001 21.307338 9.815700601032173 21.307338 30.0
38.978272 9.817710844784328 38.978272 14.83256 9.80407121599046 14.83256 40.0
26.896910000000002 9.820746973669323 26.896910000000002 11.889948 9.793962898782397 11.889948 50.0
20.64508 9.814003753232715 20.64508 10.29337 9.782025040122702 10.29337 60.0
14.537092000000001 9.803435593655715 14.537092000000001 8.675920000000001 9.772926745972411 8.675920000000001 80.0
11.712936 9.79000746369551 11.712936 7.899762 9.763864810761056 7.899762 100.0
9.919937999999998 9.781665988241016 9.919937999999998 7.3832379999999995 9.756727817704009 7.3832379999999995 125.0
8.906396 9.774010640687006 8.906396 7.098816000000001 9.752800845386178 7.098816000000001 150.0
8.294696 9.767520028003954 8.294696 6.916036 9.750083261363383 6.916036 175.0
7.8845600000000005 9.764082485742064 7.8845600000000005 6.79567 9.748753017189808 6.79567 200.0
7.1033479999999996 9.755023966392121 7.1033479999999996 6.562838 9.746701856638326 6.562838 300.0
6.790667999999999 9.750396919453506 6.790667999999999 6.472852 9.744442081901028 6.472852 400.0
6.569268 9.746625818129429 6.569268 6.406435999999999 9.742995243679905 6.406435999999999 600.0
6.4294459999999996 9.742531901380431 6.4294459999999996 6.372378 9.741164836946071 6.372378 1000.0
6.3683819999999995 9.74327339656024 6.3683819999999995 6.353227999999999 9.740310313196627 6.353227999999999 2000.0
6.3517719999999995 9.740388515733141 6.3517719999999995 6.349399999999999 9.74110497498812 6.349399999999999 3000.0
6.351944 9.742810043568678 6.351944 6.3468599999999995 9.740997909749751 6.3468599999999995 5500.0
6.3433079999999995 9.744789719029733 6.3433079999999995 6.342442 9.74352836360944 6.342442 10000.0