# 5*10^5 walks where the landscape is generated along the way (and reset for each walk) with L = 20 and K = 1.
# the time and the length are equal because we normalise the transition probabilities towards the neighbours so that we discard the self-transitions.
#  (0) <mean l> (Moran) (1) <mean h> (Moran) (2) <mean t> (Moran)  (3) <mean l> (Wright-Fisher) (4) <mean h> (Wright-Fisher) (5) <mean t> (Wright-Fisher) (6) N
188450.08807500004 13.71293528854017 188450.08807500004 188189.49807000003 13.712855441654796 188189.49807000003 1.0
137897.07730499998 13.7233227799284 137897.07730499998 102363.92756666667 13.735673645484063 102363.92756666667 2.0
102776.56278333334 13.735947299981811 102776.56278333334 58609.871718333336 13.760113157487732 58609.871718333336 3.0
76828.82997333334 13.747567819124942 76828.82997333334 34991.13216166667 13.781903777533206 34991.13216166667 4.0
58458.892586666676 13.760964830221345 58458.892586666676 21848.830453333332 13.802698019548805 21848.830453333332 5.0
27399.826658333335 13.791484323222312 27399.826658333335 6543.551258333334 13.866515538990123 6543.551258333334 8.0
17354.885821666667 13.81680612813701 17354.885821666667 3332.604093333333 13.900052806164604 3332.604093333333 10.0
6419.175418333333 13.866197351675876 6419.175418333333 905.4242683333334 13.975240497742007 905.4242683333334 15.0
2811.553636666666 13.909816591999109 2811.553636666666 357.16384166666666 14.021720903607465 357.16384166666666 20.0
794.5473616666667 13.979914936926555 794.5473616666667 109.12074166666667 14.06540824479994 109.12074166666667 30.0
323.10303500000003 14.028071787292994 323.10303500000003 55.124253333333336 14.067873764470148 55.124253333333336 40.0
167.83283166666666 14.055672235006503 167.83283166666666 35.68485333333333 14.055970151304132 35.68485333333333 50.00000000000001
102.82144000000001 14.066788391886927 102.82144000000001 26.699769999999997 14.037068018930942 26.699769999999997 60.0
52.90298 14.067872553093459 52.90298 18.665536666666668 14.007521507106214 18.665536666666668 80.0
34.74058 14.05276473361785 34.74058 15.23044 13.988768409941548 15.23044 100.00000000000001
24.804671666666668 14.032557474929853 24.804671666666668 13.092673333333336 13.974010169597546 13.092673333333336 125.0
19.799856666666667 14.01478233828964 19.799856666666667 11.921523333333333 13.95857716314724 11.921523333333333 150.0
16.963823333333334 13.99757517481106 16.963823333333334 11.221831666666667 13.95162531943686 11.221831666666667 175.0
15.143711666666668 13.987020620902205 15.143711666666668 10.752858333333332 13.947931506261924 10.752858333333332 200.00000000000003
11.902473333333333 13.961076675502902 11.902473333333333 9.869676666666667 13.932007930872416 9.869676666666667 300.0
10.741136666666666 13.947810907337812 10.741136666666666 9.54803 13.928685789088625 9.54803 400.00000000000006
9.870435 13.933791637121493 9.870435 9.297538333333332 13.925647901341259 9.297538333333332 600.0
9.385521666666666 13.926489923103341 9.385521666666666 9.15179 13.921426164870553 9.15179 1000.0
9.156584999999998 13.922147507059254 9.156584999999998 9.089598333333333 13.92139034079597 9.089598333333333 2000.0
9.103421666666666 13.921429766419816 9.103421666666666 9.071326666666666 13.918786744641414 9.071326666666666 3000.0
9.079838333333333 13.921173142024337 9.079838333333333 9.06946 13.919286563091354 9.06946 5500.0
9.068381666666667 13.919955224018066 9.068381666666667 9.061268333333333 13.916430830687904 9.061268333333333 10000.0