# 5*10^5 walks where the landscape is generated along the way (and reset for each walk) with L = 11 and K = 1.
# the time and the length are equal because we normalise the transition probabilities towards the neighbours so that we discard the self-transitions.
#  (0) <mean l> (Moran) (1) <mean h> (Moran) (2) <mean t> (Moran)  (3) <mean l> (Wright-Fisher) (4) <mean h> (Wright-Fisher) (5) <mean t> (Wright-Fisher) (6) N
884.3126920000001 7.544891548154883 884.3126920000001 885.8733584999999 7.544759194277848 885.8733584999999 1.0
664.3750569999999 7.5543615437155935 664.3750569999999 511.86328349999997 7.56598105864639 511.86328349999997 2.0
509.36497 7.564993181529918 509.36497 321.9734135 7.586052264392883 321.9734135 3.0
399.361591 7.5759511819482945 399.361591 216.47351749999999 7.604011893850048 216.47351749999999 4.0
318.301154 7.586648277873106 318.301154 153.5164925 7.621977337057292 153.5164925 5.0
178.61301349999994 7.614592888306932 178.61301349999994 69.8900615 7.660556008345889 69.8900615 8.0
128.98313549999997 7.631157645900254 128.98313549999997 47.662255 7.677619599457483 47.662255 10.0
68.273491 7.661865226715495 68.273491 24.753786499999997 7.695442488034185 24.753786499999997 15.0
42.8557405 7.6820585206635394 42.8557405 16.473914 7.698909153946886 16.473914 20.0
23.082959000000002 7.697171892656025 23.082959000000002 10.420653 7.6908724980620375 10.420653 30.0
15.723004999999999 7.698406590693392 15.723004999999999 8.212872 7.682571058806418 8.212872 40.0
12.167070000000002 7.694965541086899 12.167070000000002 7.147746499999999 7.676112553164648 7.147746499999999 50.0
10.159543000000001 7.690953472375438 10.159543000000001 6.551784 7.671739326135162 6.551784 60.0
8.103435999999999 7.681922242377236 8.103435999999999 5.927674999999999 7.666350724432281 5.927674999999999 80.0
7.089443999999999 7.676226743407969 7.089443999999999 5.6204135 7.66221597924532 5.6204135 100.0
6.410913 7.669438037829449 6.410913 5.413290999999999 7.659065694171762 5.413290999999999 125.0
6.018205 7.666720431147571 6.018205 5.2933635 7.657893666156438 5.2933635 150.0
5.777120999999999 7.664420514271892 5.777120999999999 5.2228815 7.655996490021402 5.2228815 175.0
5.609839000000001 7.662205287184818 5.609839000000001 5.171887000000001 7.656124798201094 5.171887000000001 200.0
5.291633 7.657202124693413 5.291633 5.0786685 7.6553652365853875 5.0786685 300.0
5.167419 7.656041025519148 5.167419 5.0406200000000005 7.654177283052849 5.0406200000000005 400.0
5.0743005 7.655096938002772 5.0743005 5.011137 7.653143254062518 5.011137 600.0
5.0198605 7.653386684342935 5.0198605 4.9952635 7.652290749037165 4.9952635 1000.0
4.9957735 7.652842136519973 4.9957735 4.990026499999999 7.65247504817785 4.990026499999999 2000.0
4.987355999999999 7.653252535333513 4.987355999999999 4.991314 7.6533853036616275 4.991314 3000.0
4.986687 7.652758161945739 4.986687 4.986366 7.652616164621541 4.986366 5500.0
4.985234 7.6531262220101 4.985234 4.98729 7.652222945120285 4.98729 10000.0