# 5*10^5 walks where the landscape is generated along the way (and reset for each walk) with L = 8 and K = 1.
# the time and the length are equal because we normalise the transition probabilities towards the neighbours so that we discard the self-transitions.
#  (0) <mean l> (Moran) (1) <mean h> (Moran) (2) <mean t> (Moran)  (3) <mean l> (Wright-Fisher) (4) <mean h> (Wright-Fisher) (5) <mean t> (Wright-Fisher) (6) N
149.490364 5.489110600729221 149.490364 148.758278 5.489188512890946 148.758278 1.0
113.84164200000001 5.498622625972361 113.84164200000001 90.203066 5.506943940033561 90.203066 2.0
89.730074 5.508920076635929 89.730074 60.51456 5.523444800561153 60.51456 3.0
72.38064799999998 5.516315161797175 72.38064799999998 43.495044 5.539727750221339 43.495044 4.0
59.554088 5.525611197438813 59.554088 33.069598 5.549123729525775 33.069598 5.0
36.856808 5.5460915921566984 36.856808 18.125572 5.572363665569468 18.125572 8.0
28.570026000000002 5.556595368328933 28.570026000000002 13.802890000000001 5.579815838579956 13.802890000000001 10.0
17.705828 5.574129372060282 17.705828 8.85456 5.585320498352212 8.85456 15.0
12.747318 5.581225089666915 12.747318 6.809192 5.583527718069142 6.809192 20.0
8.409192000000001 5.585433968920784 8.409192000000001 5.210836 5.576114135188062 5.210836 30.0
6.604191999999999 5.581822456441263 6.604191999999999 4.589326 5.573769113453336 4.589326 40.0
5.679740000000001 5.580130744330667 5.679740000000001 4.280712 5.571927527626805 4.280712 50.0
5.133238 5.578275844096959 5.133238 4.103248 5.570895822698961 4.103248 60.0
4.552284 5.573922514844346 4.552284 3.9166959999999995 5.568302480294162 3.9166959999999995 80.0
4.264533999999999 5.5723786314958605 4.264533999999999 3.81822 5.566186350983579 3.81822 100.0
4.057823999999999 5.568823920447015 4.057823999999999 3.75766 5.56655786707953 3.75766 125.0
3.9410119999999997 5.567216917784881 3.9410119999999997 3.722114 5.566246807358083 3.722114 150.0
3.8639740000000002 5.567036942607665 3.8639740000000002 3.7010940000000003 5.565431124999042 3.7010940000000003 175.0
3.816632 5.566164449363713 3.816632 3.684534 5.564656444039296 3.684534 200.0
3.713038 5.5653097330048515 3.713038 3.654616 5.563157275799793 3.654616 300.0
3.67834 5.56474508724974 3.67834 3.643282 5.564096538759631 3.643282 400.0
3.652554 5.563784905140415 3.652554 3.636298 5.564528715486023 3.636298 600.0
3.6393459999999997 5.565340464342905 3.6393459999999997 3.629396 5.563213073200084 3.629396 1000.0
3.6300820000000003 5.563139622010452 3.6300820000000003 3.630985999999999 5.5645705661219695 3.630985999999999 2000.0
3.628286 5.563248785826898 3.628286 3.6301859999999997 5.563477070312229 3.6301859999999997 3000.0
3.626354 5.5643618218114295 3.626354 3.628942 5.564403091185049 3.628942 5500.0
3.6296260000000005 5.565140211562279 3.6296260000000005 3.6279880000000007 5.564139998540906 3.6279880000000007 10000.0