# 5*10^5 walks where the landscape is generated along the way (and reset for each walk) with L = 17 and K = 1.
# the time and the length are equal because we normalise the transition probabilities towards the neighbours so that we discard the self-transitions.
#  (0) <mean l> (Moran) (1) <mean h> (Moran) (2) <mean t> (Moran)  (3) <mean l> (Wright-Fisher) (4) <mean h> (Wright-Fisher) (5) <mean t> (Wright-Fisher) (6) N
31387.15054 11.65875771657428 31387.15054 31344.85747 11.655678590524504 31344.85747 1.0
22971.943322000003 11.666467697551811 22971.943322000003 17252.160856000002 11.680108089305174 17252.160856000002 2.0
17123.044752 11.680955121500952 17123.044752 10028.28141 11.700721534316541 10028.28141 3.0
13032.562515999998 11.694180685632771 13032.562515999998 6158.7438440000005 11.726284778710745 6158.7438440000005 4.0
10009.799682 11.702946385024413 10009.799682 3984.282766 11.745479436947724 3984.282766 5.0
4887.9519900000005 11.735558963708566 4887.9519900000005 1316.3087459999997 11.802243869545727 1316.3087459999997 8.0
3211.289592 11.755230437548365 3211.289592 734.566636 11.836597929873012 734.566636 10.0
1297.2949059999999 11.803555898477091 1297.2949059999999 243.79327999999998 11.891243148286188 243.79327999999998 15.0
629.5627039999999 11.843389202451215 629.5627039999999 114.947896 11.924148526211138 114.947896 20.0
218.038764 11.899268558525263 218.038764 46.181267999999996 11.941469520009221 46.181267999999996 30.0
106.205908 11.930038542119538 106.205908 27.709514 11.934150653928329 27.709514 40.0
63.85172599999999 11.94215880167365 63.85172599999999 20.157986000000005 11.91820194014354 20.157986000000005 50.0
44.035362 11.943021197555248 44.035362 16.350602000000002 11.905865314798115 16.350602000000002 60.0
26.961876 11.931910104370377 26.961876 12.668220000000002 11.884265076288733 12.668220000000002 80.0
19.776563999999997 11.917962387612333 19.776563999999997 10.952365999999998 11.872530040064216 10.952365999999998 100.0
15.459042000000002 11.901021341358268 15.459042000000002 9.863601999999998 11.860166838285469 9.863601999999998 125.0
13.170442 11.888951739489412 13.170442 9.263276 11.853969866032163 9.263276 150.0
11.806833999999998 11.88005160249775 11.806833999999998 8.87981 11.848487495656357 8.87981 175.0
10.889722 11.869856684499373 10.889722 8.626168000000002 11.845237969670972 8.626168000000002 200.0
9.240969999999999 11.854434825863267 9.240969999999999 8.147362 11.837570872812964 8.147362 300.0
8.624347999999998 11.845107816660958 8.624347999999998 7.98119 11.835577161801233 7.98119 400.0
8.138842 11.839964763460562 8.138842 7.834344000000001 11.833174163243042 7.834344000000001 600.0
7.880146000000001 11.832142911851218 7.880146000000001 7.7530280000000005 11.833215956504649 7.7530280000000005 1000.0
7.756564 11.832820466045494 7.756564 7.717568 11.831773309397787 7.717568 2000.0
7.724378 11.830358001215776 7.724378 7.713693999999999 11.82938146060536 7.713693999999999 3000.0
7.71189 11.827807273227938 7.71189 7.706764 11.830032078674956 7.706764 5500.0
7.70949 11.832949631936454 7.70949 7.707308 11.83059443349918 7.707308 10000.0