# 1568000 landscapes (L=6). 
# 1 walk per starting node.
# The distribution from which the r_i and m_j is given by eq. 8 of "predictable properties of fitness landscapes induced by adaptational tradeoffs" (2020) with concentration = 10 and the exponent of the Hill function = 2.
# The length and time because we discard self-transitions (see main text)
# (0) <mean l> (Moran) (1) <mean h> (Moran) (2) <mean t> (Moran) (3) <mean l> (WF) (4) <mean h> (WF) (5) <mean t> (WF) (6) N
26.57970079320791 0.23095409603140055 26.57970079320791 26.575400520169 0.23095387768355485 26.575400520169 1.0
7.6842095324457915 0.2476324407510058 7.6842095324457915 5.747497708067603 0.25203910740988617 5.747497708067603 3.0
4.914545798788266 0.2548732498966077 4.914545798788266 3.801583904655612 0.25811659298504647 3.801583904655612 5.0
3.7292964265784434 0.2589027297813958 3.7292964265784434 3.1822345842633935 0.26014559740112136 3.1822345842633935 8.0
3.4131428372130097 0.2600128466685288 3.4131428372130097 3.044451799665178 0.2605595965231471 3.044451799665178 10.0
3.309786222496811 0.26038140451193714 3.309786222496811 3.001796217315051 0.2606759985827507 3.001796217315051 11.0
3.227830297353317 0.2606560574920514 3.227830297353317 2.969205008370536 0.2607561923804342 2.969205008370536 12.0
3.1628906449298477 0.2608858050846441 3.1628906449298477 2.9439951072225763 0.26083922933855963 2.9439951072225763 13.0
3.1100620814732136 0.26106304247895057 3.1100620814732136 2.923556919642856 0.26089581783916527 2.923556919642856 14.0
3.065925133529974 0.2612104971471509 3.065925133529974 2.907163075972577 0.26094259793624214 2.907163075972577 15.0
2.928640585140306 0.26167600169341815 2.928640585140306 2.8577356006855865 0.2610806823071477 2.8577356006855865 20.0
2.820013283242985 0.2620245076796595 2.820013283242985 2.820973353794643 0.26119649499697245 2.820973353794643 30.0
2.7783045679209173 0.2621625523199106 2.7783045679209173 2.8076643614477037 0.261241679001501 2.8076643614477037 40.0
2.7580878308354593 0.2622344967385135 2.7580878308354593 2.8010947066326533 0.2612550687938126 2.8010947066326533 50.0
2.746311951929209 0.2622718482261945 2.746311951929209 2.797559241470025 0.261269572787453 2.797559241470025 60.0
2.734157276387117 0.26231242148964495 2.734157276387117 2.793893793845664 0.2612799389538973 2.793893793845664 80.0
2.7281388612085453 0.26233247649986824 2.7281388612085453 2.7920362922512756 0.2612849098679847 2.7920362922512756 100.0
2.7219309331154338 0.26234984072398937 2.7219309331154338 2.790263841278699 0.26129234764735026 2.790263841278699 150.0
2.7199149095184945 0.2623540497916142 2.7199149095184945 2.789780034279336 0.2612928997546717 2.789780034279336 200.0
2.717573062818878 0.2623599234874216 2.717573062818878 2.7890250318877547 0.2612912917912568 2.7890250318877547 400.0
2.716626544563138 0.2623658723596864 2.716626544563138 2.788742227359694 0.2612936130738238 2.788742227359694 1000.0
2.7165110112404336 0.262360339808012 2.7165110112404336 2.78898095703125 0.26129581663770834 2.78898095703125 3000.0
2.7167043008609695 0.2623694467677927 2.7167043008609695 2.7888133470184955 0.2612987007710143 2.7888133470184955 10000.0
2.716505500637755 0.2623643684418423 2.716505500637755 2.788945591517858 0.2612985215579165 2.788945591517858 100000.0