# 1568000 landscapes (L=6). 
# 1 walk per starting node.
# The distribution from which the r_i and m_j is given by eq. 8 of "predictable properties of fitness landscapes induced by adaptational tradeoffs" (2020) with concentration = 100 and the exponent of the Hill function = 2.
# The length and time because we discard self-transitions (see main text)
# (0) <mean l> (Moran) (1) <mean h> (Moran) (2) <mean t> (Moran) (3) <mean l> (WF) (4) <mean h> (WF) (5) <mean t> (WF) (6) N
32.42694554169324 0.060779168023918397 32.42694554169324 32.419816436144764 0.06077840751495712 32.419816436144764 1.0
6.785273018973214 0.0650892494651141 6.785273018973214 5.423890017139669 0.06595410727192953 5.423890017139669 3.0
4.533283422353316 0.06675870173951676 4.533283422353316 3.759542809311224 0.06739025660605033 3.759542809311224 5.0
3.6449732940051014 0.06764477495775927 3.6449732940051014 3.287447265625001 0.06783660866137002 3.287447265625001 8.0
3.413185487085459 0.06789000740155378 3.413185487085459 3.1859151586415813 0.06793169398575118 3.1859151586415813 10.0
3.337032635124362 0.06797215617555016 3.337032635124362 3.154248176419005 0.06795916164536678 3.154248176419005 11.0
3.2776105309311228 0.06803307492260798 3.2776105309311228 3.130447454958546 0.0679769689212271 3.130447454958546 12.0
3.2298277662627553 0.0680805235581539 3.2298277662627553 3.1119375 0.06799728628438916 3.1119375 13.0
3.191092135682399 0.06812564746780839 3.191092135682399 3.0970561523437494 0.06801314773647624 3.0970561523437494 14.0
3.159005590322067 0.06815543490456752 3.159005590322067 3.0851375657684943 0.06802206608693069 3.0851375657684943 15.0
3.0597079978475774 0.06826165234692755 3.0597079978475774 3.0494480329241074 0.0680568066040103 3.0494480329241074 20.0
2.98172799744898 0.06834808452110128 2.98172799744898 3.0230108518016583 0.06808821659264999 3.0230108518016583 30.0
2.9520135522959188 0.06838336851767328 2.9520135522959188 3.0134101761798466 0.0680993622102438 3.0134101761798466 40.0
2.937486587213011 0.06839789338044204 2.937486587213011 3.0089976981026787 0.06810431057012468 3.0089976981026787 50.0
2.9292127311862246 0.06840904853090911 2.9292127311862246 3.006489327566964 0.06810777367570693 3.006489327566964 60.0
2.920758898676658 0.06841970408286155 2.920758898676658 3.0037905074139033 0.06810995509767197 3.0037905074139033 80.0
2.916514578683036 0.06842336362043074 2.916514578683036 3.0024961136798467 0.06811233903321355 3.0024961136798467 100.0
2.9122225067761476 0.06843037885211516 2.9122225067761476 3.001443239795918 0.06811759312999528 3.001443239795918 150.0
2.9106578942123726 0.06843096920101295 2.9106578942123726 3.0009380381058675 0.06811404533462691 3.0009380381058675 200.0
2.909134347098214 0.06843317734161468 2.909134347098214 3.000467643893495 0.06811312860082443 3.000467643893495 400.0
2.908589933434311 0.06843322124079178 2.908589933434311 3.000343092315051 0.06811334305355769 3.000343092315051 1000.0
2.9084611367984694 0.06843304147913941 2.9084611367984694 3.0000754942602046 0.06811351229336866 3.0000754942602046 3000.0
2.9085512296715565 0.06843176149704523 2.9085512296715565 3.0000739198022957 0.0681146465520197 3.0000739198022957 10000.0
2.9084503647161988 0.06843260830012672 2.9084503647161988 3.000296825175383 0.06811476789610374 3.000296825175383 100000.0