# 1568000 landscapes (L=6). 
# 1 walk per starting node.
# The distribution from which the r_i and m_j is given by eq. 8 of "predictable properties of fitness landscapes induced by adaptational tradeoffs" (2020) with concentration = 50 and the exponent of the Hill function = 2.
# The length and time because we discard self-transitions (see main text)
# (0) <mean l> (Moran) (1) <mean h> (Moran) (2) <mean t> (Moran) (3) <mean l> (WF) (4) <mean h> (WF) (5) <mean t> (WF) (6) N
28.033993024553574 0.0940437315912771 28.033993024553574 28.03539010682398 0.09404450771785226 28.03539010682398 1.0
7.067797552614796 0.10135288915658044 7.067797552614796 5.522845165019133 0.10302169021517257 5.522845165019133 3.0
4.65396823182398 0.10433653664169136 4.65396823182398 3.753566645408163 0.10555803196918537 3.753566645408163 5.0
3.6562767358896684 0.10592999268459169 3.6562767358896684 3.2229837472098213 0.10635316830641657 3.2229837472098213 8.0
3.3912807218590557 0.10636799559324774 3.3912807218590557 3.106105080117984 0.10650574459128181 3.106105080117984 10.0
3.3042456652582906 0.10650980810475476 3.3042456652582906 3.0703695990114803 0.10655649302770931 3.0703695990114803 11.0
3.23565846221301 0.10661474842557403 3.23565846221301 3.0425674924266586 0.10659574929567217 3.0425674924266586 12.0
3.180950593909439 0.10670332431036957 3.180950593909439 3.021355379065689 0.10662532971939606 3.021355379065689 13.0
3.1362244997608406 0.10677757887883758 3.1362244997608406 3.00427883848852 0.10664778198503078 3.00427883848852 14.0
3.0993894292091837 0.10683558496582068 3.0993894292091837 2.990368343431122 0.10666692651020777 2.990368343431122 15.0
2.9842151725924744 0.10701420201103415 2.9842151725924744 2.9484866669323977 0.10672102744827892 2.9484866669323977 20.0
2.893725177375637 0.10715842952431807 2.893725177375637 2.9183304567920922 0.10677197969025971 2.9183304567920922 30.0
2.8588038604113524 0.10721383084134815 2.8588038604113524 2.906937788982781 0.10678609697384403 2.906937788982781 40.0
2.8418526486766575 0.10724156196840887 2.8418526486766575 2.901642478475765 0.1068016112892858 2.901642478475765 50.0
2.8320690070950256 0.10725409596375035 2.8320690070950256 2.8985309111926014 0.10680203294669703 2.8985309111926014 60.0
2.8221350047831626 0.10727288923805152 2.8221350047831626 2.895794772401149 0.10680708577764043 2.895794772401149 80.0
2.8174964524872443 0.10728247736846828 2.8174964524872443 2.894229023836097 0.10681201825081642 2.894229023836097 100.0
2.8124364835778057 0.10728815284103187 2.8124364835778057 2.8926945352359694 0.10681382026901688 2.8926945352359694 150.0
2.810509675940689 0.10729204907221049 2.810509675940689 2.892322823660714 0.10681476325692321 2.892322823660714 200.0
2.8086947843590564 0.10729743426148029 2.8086947843590564 2.8915345184948977 0.1068155617356751 2.8915345184948977 400.0
2.8081349649234695 0.1072962147175556 2.8081349649234695 2.891623923788265 0.10681763915213635 2.891623923788265 1000.0
2.808168287627551 0.1072942913100061 2.808168287627551 2.89139254823023 0.106814015549248 2.89139254823023 3000.0
2.8080135722257653 0.10729829605149299 2.8080135722257653 2.8913327686543364 0.10681897476602067 2.8913327686543364 10000.0
2.8079361945950256 0.1072980307423156 2.8079361945950256 2.8914942402742345 0.1068160578732007 2.8914942402742345 100000.0