# 1568000 landscapes (L=6). 
# 1 walk per starting node.
# The distribution from which the r_i and m_j is given by eq. 8 of "predictable properties of fitness landscapes induced by adaptational tradeoffs" (2020) with concentration = 2 and the exponent of the Hill function = 2.
# The length and time because we discard self-transitions (see main text)
# (0) <mean l> (Moran) (1) <mean h> (Moran) (2) <mean t> (Moran) (3) <mean l> (WF) (4) <mean h> (WF) (5) <mean t> (WF) (6) N
37.68507579320791 0.4869282855561263 37.68507579320791 37.68949392139668 0.486922582875679 37.68949392139668 1.0
8.479338388871176 0.5081226244718485 8.479338388871176 6.058108916613521 0.513776986683811 6.058108916613521 3.0
5.204998834103954 0.517371064008371 5.204998834103954 3.942788972815688 0.5213207948481177 3.942788972815688 5.0
3.877237025669643 0.5226777230023318 3.877237025669643 3.292021374760842 0.5240602095060483 3.292021374760842 8.0
3.538715481505102 0.5242033798768551 3.538715481505102 3.1531516163105873 0.5246491678011365 3.1531516163105873 10.0
3.430099948182398 0.5247064461477524 3.430099948182398 3.111106833944515 0.5248353414989493 3.111106833944515 11.0
3.345993961256378 0.5251114501728175 3.345993961256378 3.0791421595982142 0.524957545826445 3.0791421595982142 12.0
3.278862852758291 0.5254425654378613 3.278862852758291 3.0544912109375 0.5250736674797833 3.0544912109375 13.0
3.2247799645248727 0.5256977083159471 3.2247799645248727 3.0346293347417093 0.5251671686885623 3.0346293347417093 14.0
3.180451849489796 0.5259152664157261 3.180451849489796 3.018793327487245 0.525229835297815 3.018793327487245 15.0
3.04418241788903 0.5265890595140846 3.04418241788903 2.971141990194515 0.5254550858413279 2.971141990194515 20.0
2.938875548070791 0.5271478458399002 2.938875548070791 2.936104771205357 0.5256399047238328 2.936104771205357 30.0
2.898502989477041 0.5273501349021409 2.898502989477041 2.923180016342475 0.5257035056903594 2.923180016342475 40.0
2.8786736886160718 0.5274709566154109 2.8786736886160718 2.9168406608737247 0.5257438026772323 2.9168406608737247 50.0
2.867344457509567 0.5275402077575361 2.867344457509567 2.913367018096301 0.5257509922092368 2.913367018096301 60.0
2.8553838887117347 0.5275876369246977 2.8553838887117347 2.9098624940210462 0.525785616131877 2.9098624940210462 80.0
2.8497936164700257 0.5276416997211532 2.8497936164700257 2.908195382254465 0.5257830704334285 2.908195382254465 100.0
2.8435439054528056 0.5276527789878233 2.8435439054528056 2.906249621332908 0.5257910122352831 2.906249621332908 150.0
2.841355508609694 0.5276781682729578 2.841355508609694 2.9056179846938774 0.5258117157509805 2.9056179846938774 200.0
2.839049635283801 0.5276829792382649 2.839049635283801 2.9051591198979594 0.5258089838056014 2.9051591198979594 400.0
2.8382315748565055 0.5276862947703544 2.8382315748565055 2.904814871651786 0.5258061530353785 2.904814871651786 1000.0
2.8382671297034436 0.5277042539950075 2.8382671297034436 2.9047572843590563 0.5258011938398128 2.9047572843590563 3000.0
2.837947375239159 0.5276828990429716 2.837947375239159 2.9047197863520404 0.5258105155736946 2.9047197863520404 10000.0
2.837975725446429 0.5276790441683908 2.837975725446429 2.9048486826371174 0.5257944434731944 2.9048486826371174 100000.0