# 1568000 landscapes (L=6). 
# 1 walk per starting node.
# The distribution from which the r_i and m_j is given by eq. 8 of "predictable properties of fitness landscapes induced by adaptational tradeoffs" (2020) with concentration = 1 and the exponent of the Hill function = 2.
# The length and time because we discard self-transitions (see main text)
# (0) <mean l> (Moran) (1) <mean h> (Moran) (2) <mean t> (Moran) (3) <mean l> (WF) (4) <mean h> (WF) (5) <mean t> (WF) (6) N
46.75346090760523 0.6476359743983126 46.75346090760523 46.750091069435584 0.6476435483331802 46.750091069435584 1.0
8.11943707150829 0.6534968628790162 8.11943707150829 5.828785116390307 0.6569465830279849 5.828785116390307 3.0
4.973419642857143 0.6569828100383707 4.973419642857143 3.9096775849011474 0.6606704142177318 3.9096775849011474 5.0
3.836253846460459 0.6599221668391589 3.836253846460459 3.3514066485969387 0.6628633447017521 3.3514066485969387 8.0
3.552661521444515 0.6610513448735336 3.552661521444515 3.2317261937978308 0.6635003366461645 3.2317261937978308 10.0
3.461660604671556 0.6614825441792905 3.461660604671556 3.1951283083545916 0.6637279783522813 3.1951283083545916 11.0
3.3901453384088014 0.6618444849739319 3.3901453384088014 3.1673665298150513 0.6638995259933721 3.1673665298150513 12.0
3.3333399633290814 0.6621458092239326 3.3333399633290814 3.145680365114796 0.6640362913043845 3.145680365114796 13.0
3.2875282405931125 0.6624064401280337 3.2875282405931125 3.1282646783322705 0.6641554602110352 3.1282646783322705 14.0
3.2492972735969383 0.6626216537879639 3.2492972735969383 3.114480608258929 0.6642603587515771 3.114480608258929 15.0
3.1316853475765307 0.6633984682484242 3.1316853475765307 3.0725505221619898 0.6645869025353547 3.0725505221619898 20.0
3.0390725147480873 0.6641255058763471 3.0390725147480873 3.04108177216199 0.664861188274181 3.04108177216199 30.0
3.0034798608896685 0.6644533240090201 3.0034798608896685 3.0295060985331626 0.6649803707868523 3.0295060985331626 40.0
2.985604173309949 0.6646311440091534 2.985604173309949 3.023752630739796 0.6650430363011657 3.023752630739796 50.0
2.975495007573342 0.6647355162147457 2.975495007573342 3.020551767777423 0.6650737828960729 3.020551767777423 60.0
2.964866968271683 0.6648481582025427 2.964866968271683 3.017341139190051 0.6651110373889768 3.017341139190051 80.0
2.9595733418367347 0.664908944808097 2.9595733418367347 3.015701650191326 0.6651337726135258 3.015701650191326 100.0
2.9541085977359693 0.6649758050028325 2.9541085977359693 3.0140237264827805 0.6651504179526805 3.0140237264827805 150.0
2.952145378268495 0.6650018692818164 2.952145378268495 3.0134880620216835 0.665159428769451 3.0134880620216835 200.0
2.9498514329559953 0.6650199206454938 2.9498514329559953 3.0128272580516584 0.6651750552862002 3.0128272580516584 400.0
2.949069056919643 0.6650335347753361 2.949069056919643 3.012538165656887 0.6651658358719849 3.012538165656887 1000.0
2.949071039939413 0.6650342313974728 2.949071039939413 3.0124267777423475 0.6651616572002531 3.0124267777423475 3000.0
2.9490088986766585 0.6650291594620799 2.9490088986766585 3.012550821109694 0.6651783870723466 3.012550821109694 10000.0
2.948973194355868 0.6650329422834306 2.948973194355868 3.012356784119899 0.6651698560331291 3.012356784119899 100000.0