# 1568000 landscapes (L=6). 
# 1 walk per starting node.
# The distribution from which the r_i and m_j is given by eq. 8 of "predictable properties of fitness landscapes induced by adaptational tradeoffs" (2020) with concentration = 5 and the exponent of the Hill function = 2.
# The length and time because we discard self-transitions (see main text)
# (0) <mean l> (Moran) (1) <mean h> (Moran) (2) <mean t> (Moran) (3) <mean l> (WF) (4) <mean h> (WF) (5) <mean t> (WF) (6) N
30.00794168526786 0.3269873795839483 30.00794168526786 30.013739516900507 0.3269924455455636 30.013739516900507 1.0
7.741241141183036 0.344603194868069 7.741241141183036 5.766855279416454 0.35022656067419533 5.766855279416454 3.0
4.926615343989158 0.35285490863903185 4.926615343989158 3.846115662866709 0.35725944490546635 3.846115662866709 5.0
3.7673964943399234 0.35775091224948957 3.7673964943399234 3.2398057836415814 0.3598348107946279 3.2398057836415814 8.0
3.4602559988839294 0.35917723872169766 3.4602559988839294 3.1042575833067607 0.3603881784272926 3.1042575833067607 10.0
3.35891839724171 0.3596367242845818 3.35891839724171 3.0623721301020406 0.36055185279361446 3.0623721301020406 11.0
3.279934002311862 0.360016624134523 3.279934002311862 3.0306396484375 0.3606769240574434 3.0306396484375 12.0
3.2160093072385196 0.3603010071732665 3.2160093072385196 3.0055665357940056 0.360788500842151 3.0055665357940056 13.0
3.1640781847895405 0.36054609698329043 3.1640781847895405 2.9856920240752554 0.3608615579673825 2.9856920240752554 14.0
3.121472765864158 0.36074873224086224 3.121472765864158 2.96945826690051 0.3609237832094814 2.96945826690051 15.0
2.986666454081633 0.3613604118566607 2.986666454081633 2.920226293447066 0.3611228654883325 2.920226293447066 20.0
2.8797532286352037 0.36185260771732947 2.8797532286352037 2.8838314134247445 0.36128552922075213 2.8838314134247445 30.0
2.838357142857143 0.3620531258414546 2.838357142857143 2.870313626036353 0.3613496468751943 2.870313626036353 40.0
2.817979601801658 0.3621423362205833 2.817979601801658 2.8640302236128825 0.36138056336202595 2.8640302236128825 50.0
2.806223204320791 0.36221374787505656 2.806223204320791 2.860369519292092 0.3613990686483882 2.860369519292092 60.0
2.793986627072704 0.36225903930051623 2.793986627072704 2.8565769591039545 0.3614144612897196 2.8565769591039545 80.0
2.787958336654974 0.36229553650439555 2.787958336654974 2.8545789321588004 0.36141434379205484 2.8545789321588004 100.0
2.782080656090561 0.3623306727200014 2.782080656090561 2.853086176658163 0.36143404790343087 2.853086176658163 150.0
2.7794914401307396 0.36232984958845543 2.7794914401307396 2.8522497508769127 0.3614275153147668 2.8522497508769127 200.0
2.777179956552934 0.36234416930642566 2.777179956552934 2.851516003667091 0.3614325401666091 2.851516003667091 400.0
2.7765167211415815 0.3623584038483572 2.7765167211415815 2.851490971779337 0.3614398630887271 2.851490971779337 1000.0
2.776226841517858 0.36236269090606354 2.776226841517858 2.8513060925542093 0.3614281109855008 2.8513060925542093 3000.0
2.776324408083546 0.36235243678314344 2.776324408083546 2.8512764867665807 0.3614360388194404 2.8512764867665807 10000.0
2.776398885921556 0.36236124661784297 2.776398885921556 2.8511926518654342 0.3614347254465717 2.8511926518654342 100000.0