# 1568000 landscapes (L=6). 
# 1 walk per starting node.
# The distribution from which the r_i and m_j is given by eq. 8 of "predictable properties of fitness landscapes induced by adaptational tradeoffs" (2020) with concentration = 20 and the exponent of the Hill function = 2.
# The length and time because we discard self-transitions (see main text)
# (0) <mean l> (Moran) (1) <mean h> (Moran) (2) <mean t> (Moran) (3) <mean l> (WF) (4) <mean h> (WF) (5) <mean t> (WF) (6) N
26.58406358617666 0.16051779658837442 26.58406358617666 26.580532485650515 0.16050739797901833 26.580532485650515 1.0
7.477424186862245 0.17292464532774646 7.477424186862245 5.682410604671558 0.17609684256054495 5.682410604671558 3.0
4.823032834422832 0.17820011092482613 4.823032834422832 3.7871343570631377 0.1805364964228198 3.7871343570631377 5.0
3.7072496910873727 0.1810642547502639 3.7072496910873727 3.197494638871173 0.18196988164335595 3.197494638871173 8.0
3.4097611906090566 0.18185258408763244 3.4097611906090566 3.0660716179049747 0.1822544118720503 3.0660716179049747 10.0
3.311624950175383 0.182106384305114 3.311624950175383 3.0252753507653063 0.18233866752868577 3.0252753507653063 11.0
3.2345999481823973 0.18229781943821025 3.2345999481823973 2.9947141063456635 0.1824083099106512 2.9947141063456635 12.0
3.172988909040179 0.1824591615310396 3.172988909040179 2.970150938695791 0.18245859445907422 2.970150938695791 13.0
3.1222664520886476 0.18258047546352693 3.1222664520886476 2.950843680245536 0.18249419766989267 2.950843680245536 14.0
3.0806654575892862 0.18268586664984698 3.0806654575892862 2.935146643813776 0.18253718317044126 2.935146643813776 15.0
2.9503506556919645 0.18300562070054874 2.9503506556919645 2.8879457409917095 0.1826296384395734 2.8879457409917095 20.0
2.8470686981823983 0.18324863582567644 2.8470686981823983 2.8531596779336743 0.18270600281906457 2.8531596779336743 30.0
2.8074923270089287 0.1833548067077031 2.8074923270089287 2.8402599051339292 0.18273287070823008 2.8402599051339292 40.0
2.7881066645408157 0.1833907965600761 2.7881066645408157 2.834167360889669 0.18274857058291852 2.834167360889669 50.0
2.777018076371173 0.18342183078695268 2.777018076371173 2.8308869280133924 0.18275712175143893 2.8308869280133924 60.0
2.7655246831154336 0.18344726169957165 2.7655246831154336 2.827437998246173 0.18276219585623496 2.827437998246173 80.0
2.7599798409598217 0.18346287014554957 2.7599798409598217 2.825747518734057 0.18276691856868862 2.825747518734057 100.0
2.7540624800701528 0.1834775837326667 2.7540624800701528 2.8239890286192604 0.18277449751197952 2.8239890286192604 150.0
2.7521771663743624 0.18348169058829164 2.7521771663743624 2.8232566565688773 0.18277743436468039 2.8232566565688773 200.0
2.749782665019133 0.18348432427328182 2.749782665019133 2.8225043646364796 0.18277341611751763 2.8225043646364796 400.0
2.7492878866390305 0.18349120347200212 2.7492878866390305 2.8225011658960457 0.18277178239395805 2.8225011658960457 1000.0
2.7490885881696427 0.18349168234989105 2.7490885881696427 2.8225351662149234 0.18277447015096696 2.8225351662149234 3000.0
2.7491474609375 0.18348813553624074 2.7491474609375 2.822716986208546 0.1827796736556527 2.822716986208546 10000.0
2.7491236746651784 0.1834946080767151 2.7491236746651784 2.822713099888393 0.1827789367491186 2.822713099888393 100000.0