# 10000 walks per starting node. See main text for details on the generation of the landscape (L = 6, concentration = 1000).
# The length and time are equal because self-transitions are discarded.
# (0) mean l (Moran) (1) mean h (Moran) (2) mean t (Moran) (3) mean l (WF) (4) mean h (WF) (5) mean t (WF) (6) N
75.89221875 0.02492003865555974 75.89221875 75.8026125 0.02492003865555974 75.8026125 1
8.226646875 0.02492003865555974 8.226646875 7.475246875 0.02492003865555974 7.475246875 2
4.5324125 0.02492003865555974 4.5324125 3.945528125 0.02492003865555974 3.945528125 3
3.66096875 0.02492003865555974 3.66096875 3.277034375 0.02492003865555974 3.277034375 4
3.32874375 0.02492003865555974 3.32874375 3.094659375 0.02492003865555974 3.094659375 5
3.055990625 0.02492003865555974 3.055990625 3.00593125 0.02492003865555974 3.00593125 8
3.018571875 0.02492003865555974 3.018571875 3.000959375 0.02492003865555974 3.000959375 10
3.001284375 0.02492003865555974 3.001284375 3.0 0.02492003865555974 3.0 15
3.000096875 0.02492003865555974 3.000096875 3.0 0.02492003865555974 3.0 20
3.0 0.02492003865555974 3.0 3.0 0.02492003865555974 3.0 30
3.0 0.02492003865555974 3.0 3.0 0.02492003865555974 3.0 40
3.0 0.02492003865555974 3.0 3.0 0.02492003865555974 3.0 50
3.0 0.02492003865555974 3.0 3.0 0.02492003865555974 3.0 60
3.0 0.02492003865555974 3.0 3.0 0.02492003865555974 3.0 80
3.0 0.02492003865555974 3.0 3.0 0.02492003865555974 3.0 100
3.0 0.02492003865555974 3.0 3.0 0.02492003865555974 3.0 125
3.0 0.02492003865555974 3.0 3.0 0.02492003865555974 3.0 150
3.0 0.02492003865555974 3.0 3.0 0.02492003865555974 3.0 175
3.0 0.02492003865555974 3.0 3.0 0.02492003865555974 3.0 200
3.0 0.02492003865555974 3.0 3.0 0.02492003865555974 3.0 300
3.0 0.02492003865555974 3.0 3.0 0.02492003865555974 3.0 400
3.0 0.02492003865555974 3.0 3.0 0.02492003865555974 3.0 600
3.0 0.02492003865555974 3.0 3.0 0.02492003865555974 3.0 1000
3.0 0.02492003865555974 3.0 3.0 0.02492003865555974 3.0 2000
3.0 0.02492003865555974 3.0 3.0 0.02492003865555974 3.0 3000
3.0 0.02492003865555974 3.0 3.0 0.02492003865555974 3.0 5500
3.0 0.02492003865555974 3.0 3.0 0.02492003865555974 3.0 10000
