# 10000 walks per starting node. See main text for details on the generation of the landscape (L = 6, concentration = 10).
# The length and time are equal because self-transitions are discarded.
# (0) mean l (Moran) (1) mean h (Moran) (2) mean t (Moran) (3) mean l (WF) (4) mean h (WF) (5) mean t (WF) (6) N
12.9774390625 0.2759853412583916 12.9774390625 12.9836125 0.2759824110658215 12.9836125 1
8.8464171875 0.2876315003824902 8.8464171875 7.4616296875 0.2917342492802383 7.4616296875 2
6.7644328125 0.2952613077301815 6.7644328125 5.3213734375 0.30062079864846425 5.3213734375 3
5.560478125 0.30017641246933524 5.560478125 4.2927453125 0.3052760408433095 4.2927453125 4
4.807146875 0.30351730199095556 4.807146875 3.7344671875 0.3080450539240598 3.7344671875 5
3.6900765625 0.30874634633765513 3.6900765625 3.070403125 0.3104836141111338 3.070403125 8
3.3433140625 0.31045142849282775 3.3433140625 2.916290625 0.3106659851945114 2.916290625 10
2.95375625 0.31171402893996547 2.95375625 2.74708125 0.309952747817169 2.74708125 15
2.7973171875 0.31159983699754423 2.7973171875 2.6686625 0.30942464752611865 2.6686625 20
2.6627234375 0.31088054153242267 2.6627234375 2.60158125 0.30892441008649235 2.60158125 30
2.596675 0.31040808848800483 2.596675 2.558634375 0.30846450756983473 2.558634375 40
2.558159375 0.31013184679434164 2.558159375 2.540734375 0.3083646444258733 2.540734375 50
2.529990625 0.309885881134807 2.529990625 2.529215625 0.30820846364151555 2.529215625 60
2.5007875 0.3095966255172774 2.5007875 2.5165078125 0.3081422925079867 2.5165078125 80
2.48235625 0.30936528214070624 2.48235625 2.5081359375 0.3080582040750716 2.5081359375 100
2.4664484375 0.309181640360199 2.4664484375 2.501071875 0.3078661106550298 2.501071875 125
2.458040625 0.3091204382164559 2.458040625 2.5013515625 0.3079354026777662 2.5013515625 150
2.4561640625 0.3091081875002145 2.4561640625 2.497284375 0.30790660439920664 2.497284375 175
2.452925 0.3090094177346656 2.452925 2.4998359375 0.3080142187899545 2.4998359375 200
2.446875 0.30901659135244264 2.446875 2.4952359375 0.30791861402156084 2.4952359375 300
2.440778125 0.30896432613220837 2.440778125 2.4976296875 0.3079996502200097 2.4976296875 400
2.4388484375 0.30898374541708407 2.4388484375 2.4970296875 0.30789996874214853 2.4970296875 600
2.4387609375 0.3089204974827808 2.4387609375 2.496159375 0.30785248555287564 2.496159375 1000
2.438403125 0.30894939043150355 2.438403125 2.4967828125 0.3079548495593534 2.4967828125 2000
2.4393734375 0.3088998998072191 2.4393734375 2.4949 0.3079412646013267 2.4949 3000
2.44083125 0.3089886802922191 2.44083125 2.4953734375 0.3079615034592053 2.4953734375 5500
2.438559375 0.3089197847058377 2.438559375 2.493915625 0.3078264596412939 2.493915625 10000
