# 10000 walks per starting node. See main text for details on the generation of the landscape (L = 6, concentration = 100).
# The length and time are equal because self-transitions are discarded.
# (0) mean l (Moran) (1) mean h (Moran) (2) mean t (Moran) (3) mean l (WF) (4) mean h (WF) (5) mean t (WF) (6) N
24.3820515625 0.09613036074310886 24.3820515625 24.3300953125 0.09614886877099829 24.3300953125 1
10.60941875 0.10422601312758759 10.60941875 9.6976921875 0.10455294314965327 9.6976921875 2
7.983065625 0.11106802233352557 7.983065625 6.590415625 0.11417838275654399 6.590415625 3
6.624825 0.11583512570200465 6.624825 5.2482875 0.11893736986300849 5.2482875 4
5.783928125 0.11901445019752632 5.783928125 4.5921671875 0.12079678328119414 4.5921671875 5
4.584540625 0.12259836652572789 4.584540625 3.8671859375 0.12176877150028598 3.8671859375 8
4.2340828125 0.12317261870860262 4.2340828125 3.6597671875 0.12154383734517381 3.6597671875 10
3.7892203125 0.12347379635823377 3.7892203125 3.40285 0.12108931369852807 3.40285 15
3.5591875 0.12333844878972841 3.5591875 3.28215625 0.12066265604609043 3.28215625 20
3.33279375 0.1229238924348818 3.33279375 3.1857515625 0.12035762233304531 3.185751562530
3.2253625 0.12257203556567597 3.2253625 3.1471296875 0.12021834481566095 3.1471296875 240
3.163575 0.12231234880776906 3.163575 3.123246875 0.1200821231411256 3.123246875 50
3.1311703125 0.12221020115295624 3.1311703125 3.1115640625 0.12008870501614058 3.1115640625 60
3.0914875 0.12202855167972876 3.0914875 3.095475 0.12003108917883051 3.095475 80
3.068840625 0.12194145616730623 3.068840625 3.0891609375 0.11997868638309453 3.0891609375 100
3.053125 0.12190851218155778 3.053125 3.0838921875 0.12001681684129034 3.0838921875 125
3.043059375 0.12187605300115777 3.043059375 3.0780234375 0.11992857396320844 3.0780234375 150
3.0354234375 0.12178920170428878 3.0354234375 3.0769 0.11993299655576273 3.0769 175
3.0311546875 0.12188376132948674 3.0311546875 3.0717046875 0.11991980622898893 3.0717046875 200
3.0248859375 0.12176715070375878 3.0248859375 3.06956875 0.11994912035055723 3.06956875 300
3.0172953125 0.12170854845816127 3.0172953125 3.066796875 0.1199571247389941 3.066796875 400
3.0154625 0.12177138639410555 3.0154625 3.063509375 0.11986327995497716 3.063509375 600
3.0100953125 0.12171561634965189 3.0100953125 3.065803125 0.1199646538605453 3.065803125 1000
3.00744375 0.12174408947894817 3.00744375 3.0631078125 0.11992459091355645 3.0631078125 2000
3.0093109375 0.1217279433199846 3.0093109375 3.0643828125 0.11988959065745619 3.0643828125 3000
3.0089484375 0.12175015672971487 3.0089484375 3.0637640625 0.11991270784159738 3.0637640625 5500
3.0078125 0.12175690570790275 3.0078125 3.062859375 0.1198953252965982 3.062859375 10000
