# 10000 walks per starting node. See main text for details on the generation of the landscape (L = 6, concentration = 10,000).
# The length and time are equal because self-transitions are discarded.
# (0) mean l (Moran) (1) mean h (Moran) (2) mean t (Moran) (3) mean l (WF) (4) mean h (WF) (5) mean t (WF) (6) N
75.83431875 0.0005358213307640525 75.83431875 75.795375 0.0005358213307640525 75.795375 1
7.2080125 0.0005358213307640525 7.2080125 6.891159375 0.0005358213307640525 6.891159375 2
4.072053125 0.0005358213307640525 4.072053125 3.74745 0.0005358213307640525 3.74745 3
3.417803125 0.0005358213307640525 3.417803125 3.202825 0.0005358213307640525 3.202825 4
3.189509375 0.0005358213307640525 3.189509375 3.065603125 0.0005358213307640525 3.065603125 5
3.0238 0.0005358213307640525 3.0238 3.002965625 0.0005358213307640525 3.002965625 8
3.0062375 0.0005358213307640525 3.0062375 3.000453125 0.0005358213307640525 3.000453125 10
3.000303125 0.0005358213307640525 3.000303125 3.0 0.0005358213307640525 3.0 15
3.000021875 0.0005358213307640525 3.000021875 3.0 0.0005358213307640525 3.0 20
3.0 0.0005358213307640525 3.0 3.0 0.0005358213307640525 3.0 30
3.0 0.0005358213307640525 3.0 3.0 0.0005358213307640525 3.0 40
3.0 0.0005358213307640525 3.0 3.0 0.0005358213307640525 3.0 50
3.0 0.0005358213307640525 3.0 3.0 0.0005358213307640525 3.0 60
3.0 0.0005358213307640525 3.0 3.0 0.0005358213307640525 3.0 80
3.0 0.0005358213307640525 3.0 3.0 0.0005358213307640525 3.0 100
3.0 0.0005358213307640525 3.0 3.0 0.0005358213307640525 3.0 125
3.0 0.0005358213307640525 3.0 3.0 0.0005358213307640525 3.0 150
3.0 0.0005358213307640525 3.0 3.0 0.0005358213307640525 3.0 175
3.0 0.0005358213307640525 3.0 3.0 0.0005358213307640525 3.0 200
3.0 0.0005358213307640525 3.0 3.0 0.0005358213307640525 3.0 300
3.0 0.0005358213307640525 3.0 3.0 0.0005358213307640525 3.0 400
3.0 0.0005358213307640525 3.0 3.0 0.0005358213307640525 3.0 600
3.0 0.0005358213307640525 3.0 3.0 0.0005358213307640525 3.0 1000
3.0 0.0005358213307640525 3.0 3.0 0.0005358213307640525 3.0 2000
3.0 0.0005358213307640525 3.0 3.0 0.0005358213307640525 3.0 3000
3.0 0.0005358213307640525 3.0 3.0 0.0005358213307640525 3.0 5500
3.0 0.0005358213307640525 3.0 3.0 0.0005358213307640525 3.0 10000
