# 10000 walks per starting node. See main text for details on the generation of the landscape (L = 6, concentration = 1).
# The length and time are equal because self-transitions are discarded.
# (0) mean l (Moran) (1) mean h (Moran) (2) mean t (Moran) (3) mean l (WF) (4) mean h (WF) (5) mean t (WF) (6) N
20.04758125 0.6003253810775959 20.04758125 19.993878125 0.6003705201044143 19.993878125 1
10.17550625 0.6009117454943568 10.17550625 7.33656875 0.6012344268742907 7.33656875 2
6.59034375 0.6012192134165119 6.59034375 4.52616875 0.601718941130121 4.52616875 3
4.962984375 0.6015601135063507 4.962984375 3.5329625 0.6019288946844078 3.5329625 4
4.108265625 0.6017575955963391 4.108265625 3.082965625 0.6020831203806553 3.082965625 5
3.076665625 0.6020578633071826 3.076665625 2.653721875 0.6023657844552903 2.653721875 8
2.828115625 0.6021883388157863 2.828115625 2.56956875 0.6024879420704943 2.56956875 10
2.591559375 0.6023926749340858 2.591559375 2.498015625 0.6026297869049407 2.498015625 15
2.514690625 0.6025279984120578 2.514690625 2.4752 0.6026654914191157 2.4752 20
2.458803125 0.6026611071415929 2.458803125 2.4537125 0.6027817776325247 2.4537125 30
2.43699375 0.6028075005004545 2.43699375 2.447746875 0.6028258015116646 2.447746875 40
2.427275 0.6028260455142921 2.427275 2.4435 0.6028461624311404 2.4435 50
2.420021875 0.602850849884299 2.420021875 2.43995 0.6028332617806155 2.43995 60
2.410084375 0.6029725770197911 2.410084375 2.43566875 0.6029131848882369 2.43566875 80
2.405925 0.6029787679242425 2.405925 2.43191875 0.6029506372533073 2.43191875 100
2.40245625 0.6029967482649214 2.40245625 2.43068125 0.60299242945912 2.43068125 125
2.3998625 0.6030478004162005 2.3998625 2.429828125 0.6029938566357045 2.429828125 150
2.399175 0.6030444813752777 2.399175 2.429353125 0.6030314057602123 2.429353125 175
2.397696875 0.6030772819374972 2.397696875 2.428540625 0.6030445419982415 2.428540625 200
2.3944375 0.6031494289648358 2.3944375 2.42698125 0.6030762481078243 2.42698125 300
2.391884375 0.6031974065286494 2.391884375 2.426365625 0.6031357262897659 2.426365625 400
2.392075 0.6032480144747017 2.392075 2.42583125 0.6030971516943077 2.42583125 600
2.38895625 0.6032462104555872 2.38895625 2.42696875 0.603172169664372 2.42696875 1000
2.391071875 0.6032632475427953 2.391071875 2.425740625 0.6031557818669535 2.425740625 2000
2.3915875 0.6032347081623098 2.3915875 2.426271875 0.6031555794295328 2.426271875 3000
2.389875 0.6032452523438179 2.389875 2.426259375 0.6031261915198212 2.426259375 5500
2.391575 0.603247797145677 2.391575 2.4266125 0.6031670567847107 2.4266125 10000
