# 10000 walks per starting node. See main text for details on the generation of the landscape (L = 6, concentration = 50).
# The length and time are equal because self-transitions are discarded.
# (0) mean l (Moran) (1) mean h (Moran) (2) mean t (Moran) (3) mean l (WF) (4) mean h (WF) (5) mean t (WF) (6) N
10.6889609375 0.12404839058214184 10.6889609375 10.7043171875 0.12401405393559675 10.7043171875 1
5.9822125 0.13096026199162683 5.9822125 5.65439375 0.1329482007592005 5.65439375 2
4.8624734375 0.13669361830894458 4.8624734375 4.29779375 0.14143220702646553 4.29779375 3
4.286971875 0.14153995199127067 4.286971875 3.6474265625 0.14683504151090696 3.6474265625 4
3.882525 0.14508612929640255 3.882525 3.2836546875 0.14972668736927688 3.2836546875 5
3.21555625 0.15084707024200342 3.21555625 2.8118671875 0.15194331705085157 2.8118671875 8
2.9883984375 0.15231285019976146 2.9883984375 2.696334375 0.15200250929728423 2.696334375 10
2.7129921875 0.1533927071310323 2.7129921875 2.5955234375 0.15187866488353063 2.5955234375 15
2.6008140625 0.15338451592578284 2.6008140625 2.5618875 0.15154179468544438 2.5618875 20
2.52600625 0.15311498632530993 2.52600625 2.53809375 0.1513164960258139 2.53809375 30
2.497075 0.15281737224333986 2.497075 2.5339375 0.1512677021659635 2.5339375 40
2.4846125 0.15270195638389736 2.4846125 2.53133125 0.1512068825525947 2.53133125 50
2.4777265625 0.15261603984049202 2.4777265625 2.5321046875 0.15115554309880957 2.5321046875 60
2.4710453125 0.15251900010274974 2.4710453125 2.5279328125 0.15118320247865027 2.5279328125 80
2.4692171875 0.15250530145576777 2.4692171875 2.53039375 0.15130946632538128 2.53039375 100
2.467121875 0.1524498923293874 2.467121875 2.5304484375 0.15127002034949993 2.5304484375 125
2.469278125 0.15249961776039686 2.469278125 2.528040625 0.15121321821773928 2.528040625 150
2.4695921875 0.15252595989859272 2.4695921875 2.5255578125 0.1510917152378551 2.5255578125 175
2.46928125 0.15248817099627057 2.46928125 2.530521875 0.15125275825795553 2.530521875 200
2.469428125 0.15249002803467585 2.469428125 2.529946875 0.15119800340511322 2.529946875 300
2.467625 0.15244132422769416 2.467625 2.5270171875 0.15115422428394001 2.5270171875 400
2.470290625 0.15249022269131945 2.470290625 2.5313390625 0.15122920937000772 2.5313390625 600
2.4672765625 0.15241677190184452 2.4672765625 2.529225 0.15117310817337942 2.529225 1000
2.47018125 0.1525449598230698 2.47018125 2.531675 0.15124838079228625 2.531675 2000
2.46939375 0.1524368783487918 2.46939375 2.525946875 0.1511771156598947 2.525946875 3000
2.4667359375 0.1524460795790001 2.4667359375 2.5275515625 0.15114287058069473 2.5275515625 5500
2.4698515625 0.15255162270259148 2.4698515625 2.528703125 0.1511499056814694 2.528703125 10000
