# 10000 walks per starting node. See main text for details on the generation of the landscape (L = 6, concentration = 2).
# The length and time are equal because self-transitions are discarded.
# (0) mean l (Moran) (1) mean h (Moran) (2) mean t (Moran) (3) mean l (WF) (4) mean h (WF) (5) mean t (WF) (6) N
14.331340625 0.442716635812192 14.331340625 14.2962953125 0.4427636750739833 14.2962953125 1
8.53980625 0.4596419044587338 8.53980625 6.5903890625 0.4670846685195681 6.5903890625 2
6.0335359375 0.47193632720227263 6.0335359375 4.3831 0.4807155747033878 4.3831 3
4.7564296875 0.4802026621352558 4.7564296875 3.4505125 0.4888473537561591 3.4505125 4
4.0115015625 0.4858240785210916 4.0115015625 2.9694078125 0.4932741836078792 2.9694078125 5
2.96573125 0.49595359088494007 2.96573125 2.4408875 0.497906648471239 2.4408875 8
2.6735828125 0.4988030518366017 2.6735828125 2.332771875 0.49847739465553415 2.332771875 10
2.379490625 0.5018379193149405 2.379490625 2.2468140625 0.49854246549110903 2.2468140625 15
2.283940625 0.5025121930373302 2.283940625 2.2262578125 0.49904845281015797 2.2262578125 20
2.2228625 0.5027925677027544 2.2228625 2.219165625 0.49936509405027507 2.219165625 30
2.2056765625 0.5027609365703127 2.2056765625 2.22041875 0.4996569672824259 2.22041875 40
2.2030796875 0.5031239922740897 2.2030796875 2.2233125 0.4999833095331488 2.2233125 50
2.2031765625 0.5034005428739983 2.2031765625 2.2237109375 0.5001766796416264 2.2237109375 60
2.20470625 0.5036479619995282 2.20470625 2.2255609375 0.5004119411145045 2.2255609375 80
2.204959375 0.5039209628170078 2.204959375 2.2247515625 0.5005322261315056 2.2247515625 100
2.206559375 0.5042342186234068 2.206559375 2.2251609375 0.5003101981748584 2.2251609375 125
2.2065328125 0.5041828363145145 2.2065328125 2.2252421875 0.5002961086418907 2.2252421875 150
2.207765625 0.5043500014875212 2.207765625 2.2257375 0.5003544753179923 2.2257375 175
2.20838125 0.504196774440843 2.20838125 2.2257890625 0.5006745595843872 2.2257890625 200
2.20829375 0.5043153308075488 2.20829375 2.2252859375 0.50033774500803 2.2252859375 300
2.208753125 0.5043601529071284 2.208753125 2.2254484375 0.5003776539958347 2.2254484375 400
2.208534375 0.5043535662946728 2.208534375 2.2246296875 0.5005285761079101 2.2246296875 600
2.20865 0.5044496304923342 2.20865 2.224678125 0.5003839336574316 2.224678125 1000
2.2088125 0.5044496692554259 2.2088125 2.2260671875 0.5003307905057857 2.2260671875 2000
2.20880625 0.5043204362834521 2.20880625 2.2255734375 0.5004505898031619 2.2255734375 3000
2.208653125 0.5044183929741927 2.208653125 2.226053125 0.5002269014839528 2.226053125 5500
2.2081859375 0.5043585719153947 2.2081859375 2.225290625 0.5003068226898828 2.225290625 10000
