# 10000 walks per starting node. See main text for details on the generation of the landscape (L = 6, concentration = 0.1).
# The length and time are equal because self-transitions are discarded.
# (0) mean l (Moran) (1) mean h (Moran) (2) mean t (Moran) (3) mean l (WF) (4) mean h (WF) (5) mean t (WF) (6) N 
75.922940625 0.9900990099023873 75.922940625 75.9748375 0.9900990099023873 75.9748375 1
27.680896875 0.9900990099023873 27.680896875 16.2417125 0.9900990099023873 16.2417125 2
13.985278125 0.9900990099023873 13.985278125 7.49545 0.9900990099023873 7.49545 3
8.874665625 0.9900990099023873 8.874665625 4.98563125 0.9900990099023873 4.98563125 4
6.487228125 0.9900990099023873 6.487228125 4.007546875 0.9900990099023873 4.007546875 5
4.018778125 0.9900990099023873 4.018778125 3.20874375 0.9900990099023873 3.20874375 8
3.523453125 0.9900990099023873 3.523453125 3.097759375 0.9900990099023873 3.097759375 10
3.15411875 0.9900990099023873 3.15411875 3.024115625 0.9900990099023873 3.024115625 15
3.06645625 0.9900990099023873 3.06645625 3.00754375 0.9900990099023873 3.00754375 20
3.01768125 0.9900990099023873 3.01768125 3.000725 0.9900990099023873 3.000725 30
3.005425 0.9900990099023873 3.005425 3.000084375 0.9900990099023873 3.000084375 40
3.00148125 0.9900990099023873 3.00148125 3.00000625 0.9900990099023873 3.00000625 50
3.000496875 0.9900990099023873 3.000496875 3.0 0.9900990099023873 3.0 60
3.000021875 0.9900990099023873 3.000021875 3.0 0.9900990099023873 3.0 80
3.000009375 0.9900990099023873 3.000009375 3.0 0.9900990099023873 3.0 100
3.0 0.9900990099023873 3.0 3.0 0.9900990099023873 3.0 125
3.0 0.9900990099023873 3.0 3.0 0.9900990099023873 3.0 150
3.0 0.9900990099023873 3.0 3.0 0.9900990099023873 3.0 175
3.0 0.9900990099023873 3.0 3.0 0.9900990099023873 3.0 200
3.0 0.9900990099023873 3.0 3.0 0.9900990099023873 3.0 300
3.0 0.9900990099023873 3.0 3.0 0.9900990099023873 3.0 400
3.0 0.9900990099023873 3.0 3.0 0.9900990099023873 3.0 600
3.0 0.9900990099023873 3.0 3.0 0.9900990099023873 3.0 1000
3.0 0.9900990099023873 3.0 3.0 0.9900990099023873 3.0 2000
3.0 0.9900990099023873 3.0 3.0 0.9900990099023873 3.0 3000
3.0 0.9900990099023873 3.0 3.0 0.9900990099023873 3.0 5500
3.0 0.9900990099023873 3.0 3.0 0.9900990099023873 3.0 10000
