# 10^5 walks per starting node. L = 4 (see the paper for further details about this landscape).
# The time and length are equal because we normalise the transition probabilities towards the neighbours (we discard self-transitions).
# (0) mean l (Moran) (1) mean h (Moran) (2) mean t (Moran) (3) mean l (WF) (4) mean h (WF) (5) mean t (WF) (6) N 
7.8420875 1.6879264675098344 7.842087 7.82735 1.6879894475098365 7.82735 1
5.69310875 1.6944619825106728 5.69310875  4.82109875 1.6993789450113193 4.82109875 2
4.58623625 1.6995826250113026 4.58623625 3.5463325 1.7063781000123857 3.5463325 3
3.89746375 1.7033105050119117 3.89746375 2.905255 1.7104247325130777 2.905255 4
3.419415 1.7064357200124474 3.419415 2.54347 1.7127362325135917 2.54347 5
2.63166625 1.7120948750134737 2.63166625 7 2.09502625 1.7153612925141648 2.09502625 8
2.37277375 1.7140482600139086 2.37277375 1.97869125 1.7152432050142534 1.97869125 10
2.06697875 1.7155336500141891 2.06697875 1.85768 1.7144447325143448 1.85768 15
1.94052 1.7155311375143247 1.94052 1.81303 1.7136517875143675 1.81303 20
1.8379225 1.714589452514414 1.8379225 1.78340375 1.713239235014387 1.78340375 30
1.79897625 1.714346410014467 1.79897625 1.7730575 1.7131864725143742 1.7730575 40
1.78084625 1.7139534550144395 1.78084625 1.767685 1.713262852514368 1.767685 50
1.77037625 1.7139365375144588 1.77037625 1.7660925 1.7132616800143825 1.7660925 60
1.76201625 1.7141284925144553 1.76201625 1.7643525 1.7133584950143954 1.7643525 80
1.75777875 1.7139705400144338 1.75777875 1.76320125 1.7133399025144067 1.76320125 100
1.7552375 1.7139010275144442 1.7552375 1.76307375 1.7133174575144097 1.76307375 125
1.75553125 1.7139975075144573 1.75553125 1.7627925 1.7133573225144003 1.7627925 150
1.7540075 1.7138715475144557 1.7540075 1.76267125 1.7132970225143718 1.76267125 175
1.75361625 1.7140844400144633 1.75361625 1.76260875 1.71327072501441 1.76260875 200
1.75281375 1.7142943175145153 1.75281375 1.76261625 1.7132906575143922 1.76261625 300
1.753 1.7140390475144476 1.753 1.76300875 1.7133933350143633 1.76300875 400
1.75353875 1.7141179400144664 1.75353875 1.7619375 1.7133032200143639 1.7619375 600
1.75373375 1.714043737514441 1.75373375 1.76398 1.7132921650143933 1.76398 1000
1.75291 1.7141514400144495 1.75291 1.7628225 1.7132298550143568 1.7628225 2000
1.75312375 1.713919620014435 1.75312375 1.76298375 1.7132688825144406 1.76298375 3000
1.753375 1.7139050475144364 1.753375 1.76324625 1.7132467725143945 1.76324625 5500
1.7530925 1.7141717075144802 1.7530925 1.76306125 1.7132444275143954 1.76306125 10000
